0 853712401 14149303
2655090225 1087300934 303915897
2027272660 3174210041 18998832
1525779414 1936221923 38337972
4147713982 3193208873 142508118
2959006122 2143904256 380930882
1087300934 1765319513 65896883
1352738345 4121926227 173041069
1290854129 4060042011 61884216
3931908769 4005664051 54377960
4091732209 2524835138 55981773
653782902 95274560 214078802
477505648 85866717 9407843
2632545935 1543458967 22544290
123251703 309353362 97540905
3762564408 1974559895 169344361
3487433944 3409639319 23582322
318179985 430129950 159325663
1216931801 3335716991 12046317
1153197817 2580816911 63733984
14149303 406894267 23235683
2206646140 3433221641 320894268
3986286729 1566003257 105445480
37384986 0 85866717
2112775364 1671448737 93870776
2046271492 3107706169 66503872
3511016266 3754115909 251548142
1228978118 3347763308 61876011
1564117386 2644550895 463155274
3339937004 1391216831 147496940
486913491 589455613 166869411
4290222100 1538713771 4745196
220792608 756325024 97387377
2527540408 1831216396 105005527