3926915598 4278168812 16798484
1868013910 2147559018 140836186
750719301 1001446770 132766166
0 591148217 159571084
2757723179 3756680674 111319765
3526572182 1656447494 400343416
159571084 0 569934147
2869042944 3868000439 358532427
2008850096 3039560686 189896094
2649579616 3734175051 22505623
2270874649 2588070691 164667420
4008144721 2752738111 286822575
2435542069 2374033144 214037547
2672085239 2288395204 85637940
3450693140 2056790910 18639649
3469332789 3452574549 57239393
883485467 750719301 250727469
3943714082 3509813942 64430639
3227575371 3229456780 223117769
1708083440 3574244581 159930470
2198746190 2075430559 72128459
729505231 569934147 21214070
1656447494 4226532866 51635946
