1393363309 644938450 159685707
2025282601 1844060172 19312202
1233103806 1026919253 32871092
1086566452 1933428941 86530991
1265974898 0 21589659
1357621124 1636167265 35742185
2343571960 2665606060 81121142
1585337376 809179011 202497192
3151050390 3039622538 54531851
2059837853 804624157 4554854
169037772 124717914 59280146
228317918 183998060 248114943
2646529073 2343571960 51673623
1173097443 1360585007 60006363
2000660015 1203115155 24622586
1059486394 1176035097 27080058
3129081851 4185259485 17367169
3599437884 3098755759 211817367
2810085327 3883695720 116314513
2424693102 4015066563 32329632
3398847262 2507128214 141172870
1787834568 432113003 212825447
1553049016 1603878905 32288360
3111414816 4202626654 17667035
4015961437 3493485543 279005859
3584381554 4000010233 15056330
609280127 1840486939 3573233
0 1603418622 460283
3302297495 3310573126 79244791
3811255251 4047396195 137863290
3381542286 2648301084 17304976
3280255848 3389817917 22041647
840113387 21589659 103128255
3949118541 3816852824 66842896
3205582241 4220293689 74673607
657286135 1420591370 182827252
1287564557 1863372374 70056567
460283 1671909450 168577489
2926399840 2746727202 103388997
3146449020 3094154389 4601370
943241642 1059790345 116244752
476432861 1227737741 132847266
612853360 2019959932 44432775
2698202696 2395245583 111882631
3029788837 3411859564 81625979
2044594803 1011676203 15243050
2457022734 2850116199 189506339
3540020132 3772491402 44361422