1845319553 827629590 305617985
3122295925 2644420892 346256096
1459294850 681645131 145984459
1609507353 0 58999651
255693782 1322254706 15503402
1136906676 1310560683 7032394
609209731 1833691163 45329504
271197184 2213414186 148369535
3483324631 2990676988 343929863
3943098203 3619829050 148418709
2945015193 3803447520 177280732
504622935 1337758108 104586796
2644420892 3334606851 81771815
2909815432 3768247759 35199761
3468873015 4096571961 14451616
3827254494 3980728252 115843709
1044649784 1218303791 92256892
3468552021 4111023577 320994
1605279309 677417087 4228044
1668507004 58999651 176812549
978403972 1317593077 4661629
212737043 1879020667 42956739
916089003 1655081947 62314969
0 1442344904 212737043
1228536146 2361783721 230758704
419566719 1133247575 85056216
1143939070 1717396916 84597076
2726192707 4111344571 183622725
983065601 2151830003 61584183
2150937538 235812200 441604887
884391832 1801993992 31697171
654539235 1921977406 229852597
4091516912 3416378666 203450384