2530950430 2986195732 64296956
3097031068 3050492688 225336526
2595247386 2262922844 63415061
394235114 386308291 573314459
159338027 199058685 71729011
2107189180 2969998741 16196991
231067038 0 22309581
266735072 959622750 109765613
1941982137 2514902112 165207043
3525862760 2680109155 81512917
3809165514 2049071587 78022870
3887188384 2459869958 55032154
61551861 270787696 97786166
4083271930 3575006611 18595319
993228240 162831557 10548461
967549573 173380018 25678667
376500685 368573862 17734429
2877832272 3856947724 19626311
3607375677 4093177459 201789837
2519444451 4007134226 11505979
2658662447 4082384303 10793156
3322367594 3945539199 61595027
253376619 149473104 13358453
0 87921243 61551861
2961202681 2127094457 135828387
3942220538 3468929261 33142375
2669455603 2761622072 208376669
4197950728 3371912693 97016568
4101867249 3275829214 96083479
2446763340 1976390476 72681111
2313231287 2326337905 133532053
2897458583 4018640205 63744098
2123386171 3667102608 189845116
1003776701 22309581 65611662
3975362913 3593601930 73500678
4048863591 1941982137 34408339
3452927785 3502071636 72934975
3383962621 3876574035 68965164